,tweet_id,favorites,retweet_count
0,892420643555336193,38160,8349
1,892177421306343426,32729,6171
2,891815181378084864,24639,4082
3,891689557279858688,41497,8486
4,891327558926688256,39671,9185
5,891087950875897856,19922,3055
6,890971913173991426,11643,2028
7,890729181411237888,64382,18531
8,890609185150312448,27366,4197
9,890240255349198849,31408,7252
10,890006608113172480,30190,7205
11,889880896479866881,27357,4888
12,889665388333682689,47363,9873
13,889638837579907072,26735,4465
14,889531135344209921,14870,2206
15,889278841981685760,24854,5279
16,888917238123831296,28644,4413
17,888804989199671297,25152,4219
18,888554962724278272,19525,3489
19,888078434458587136,21415,3435
20,887705289381826560,29700,5291
21,887517139158093824,45565,11465
22,887473957103951883,67999,17853
23,887343217045368832,33160,10224
24,887101392804085760,30098,5860
25,886983233522544640,34602,7633
26,886736880519319552,11863,3223
27,886680336477933568,22092,4386
28,886366144734445568,20864,3142
29,886267009285017600,116,4
30,886258384151887873,27554,6176
31,886054160059072513,0,105
32,885984800019947520,32151,6676
33,885528943205470208,35425,6322
34,885518971528720385,20120,3697
35,885311592912609280,0,18247
36,885167619883638784,21586,4303
37,884925521741709313,76225,17973
38,884876753390489601,27498,5550
39,884562892145688576,23931,4646
40,884441805382717440,26573,5560
41,884247878851493888,71902,20133
42,884162670584377345,20046,2940
43,883838122936631299,21569,3388
44,883482846933004288,45198,9783
45,883360690899218434,22333,3640
46,883117836046086144,36613,6559
47,882992080364220416,23595,3859
48,882762694511734784,27874,4839
49,882627270321602560,27489,5988
50,882268110199369728,44276,11410
51,882045870035918850,28925,4890
52,881906580714921986,23950,3339
53,881666595344535552,49832,10498
54,881633300179243008,124,7
55,881536004380872706,48683,15692
56,881268444196462592,22739,5089
57,880935762899988482,16757,2740
58,880872448815771648,20951,3753
59,880465832366813184,28097,6172
60,880221127280381952,26648,4151
61,880095782870896641,27217,4289
62,879862464715927552,21988,3445
63,879674319642796034,307,10
64,879492040517615616,23075,3139
65,879415818425184262,104288,43528
66,879376492567855104,16530,3071
67,879130579576475649,0,6724
68,879050749262655488,22224,4651
69,879008229531029506,18699,2657
70,878776093423087618,19128,4072
71,878604707211726852,29821,7097
72,878404777348136964,0,1270
73,878316110768087041,0,6561
74,878281511006478336,7633,1270
75,878057613040115712,41427,6724
76,877736472329191424,78574,18823
77,877611172832227328,0,80
78,877556246731214848,22400,3758
79,877316821321428993,26990,5104
80,877201837425926144,26742,5515
81,876838120628539392,20400,3300
82,876537666061221889,23183,4574
83,876484053909872640,18504,2366
84,876120275196170240,27531,4636
85,875747767867523072,24848,4240
86,875144289856114688,21626,4871
87,875097192612077568,27061,5980
88,875021211251597312,25128,4667
89,874680097055178752,27464,4597
90,874434818259525634,0,14582
91,874296783580663808,25720,4069
92,874057562936811520,22361,3919
93,874012996292530176,34154,10317
94,873580283840344065,23906,3910
95,873337748698140672,0,1573
96,873213775632977920,7147,1573
97,872967104147763200,27047,5366
98,872820683541237760,14546,3668
99,872620804844003328,20566,3670
100,872486979161796608,40241,8959
101,872261713294495745,33839,6280
102,872122724285648897,34078,8080
103,871879754684805121,37599,11115
104,871762521631449091,20076,3459
105,871515927908634625,20023,3438
106,871166179821445120,0,5679
107,871102520638267392,20751,5486
108,871032628920680449,22479,3806
109,870804317367881728,33332,6187
110,870726314365509632,119,3
111,870656317836468226,12317,2640
112,870374049280663552,82135,26183
113,870308999962521604,21691,4149
114,870063196459192321,36427,8345
115,869772420881756160,42176,10035
116,869702957897576449,28083,6354
117,869596645499047938,15896,3137
118,869227993411051520,20338,3793
119,868880397819494401,65363,14521
120,868639477480148993,0,2104
121,868622495443632128,26730,5395
122,868552278524837888,10100,2104
123,867900495410671616,24126,4199
124,867774946302451713,33938,7372
125,867421006826221569,16089,2522
126,867072653475098625,0,121
127,867051520902168576,32211,7921
128,866720684873056260,20063,4848
129,866686824827068416,19332,3514
130,866450705531457537,122277,35561
131,866334964761202691,52614,14582
132,866094527597207552,0,8452
133,865718153858494464,25670,5671
134,865359393868664832,26528,5055
135,865006731092295680,28069,7768
136,864873206498414592,32374,8798
137,864279568663928832,14677,3073
138,864197398364647424,30266,9053
139,863907417377173506,20702,4199
140,863553081350529029,15370,4232
141,863471782782697472,0,2487
142,863432100342583297,23936,5338
143,863427515083354112,2276,98
144,863079547188785154,8811,1118
145,863062471531167744,8575,2487
146,862831371563274240,19270,5169
147,862722525377298433,17163,3582
148,862457590147678208,20678,5039
149,862096992088072192,74987,23689
150,861383897657036800,36336,10891
151,861288531465048066,17317,4229
152,861005113778896900,16836,3869
153,860981674716409858,0,2197
154,860924035999428608,0,838
155,860563773140209665,7574,2197
156,860524505164394496,23837,5380
157,860276583193509888,18467,3547
158,860184849394610176,16849,5957
159,860177593139703809,0,31526
160,859924526012018688,19739,4185
161,859851578198683649,15556,3586
162,859607811541651456,18784,1608
163,859196978902773760,90860,30912
164,859074603037188101,34269,13926
165,858860390427611136,0,8346
166,858843525470990336,15717,3559
167,858471635011153920,21763,4967
168,858107933456039936,15919,2989
169,857989990357356544,16338,2648
170,857746408056729600,34738,10928
171,857393404942143489,5993,1690
172,857263160327368704,20286,4652
173,857214891891077121,232,18
174,857062103051644929,0,177
175,857029823797047296,19224,4121
176,856602993587888130,0,11019
177,856543823941562368,16516,2968
178,856526610513747968,12024,1940
179,856330835276025856,0,701
180,856288084350160898,527,17
181,856282028240666624,28193,6522
182,855862651834028034,352,28
183,855860136149123072,5125,1063
184,855857698524602368,12061,2184
185,855851453814013952,46239,18303
186,855818117272018944,27091,5614
187,855459453768019968,30529,8506
188,855245323840757760,0,6200
189,855138241867124737,0,47
190,854732716440526848,23331,6346
191,854482394044301312,29952,7137
192,854365224396361728,19324,4877
193,854120357044912130,32709,7801
194,854010172552949760,16588,3288
195,853760880890318849,29289,6050
196,853639147608842240,35736,10581
197,853299958564483072,15930,3731
198,852936405516943360,0,2104
199,852912242202992640,9302,1920
200,852672615818899456,15335,2258
201,852553447878664193,16829,3685
202,852311364735569921,34062,10360
203,852226086759018497,20582,7128
204,852189679701164033,11802,1665
205,851953902622658560,0,10119
206,851861385021730816,0,23
207,851591660324737024,16698,3645
208,851464819735769094,25035,7432
209,851224888060895234,21342,6010
210,850753642995093505,32034,9771
211,850380195714523136,13490,2754
212,850333567704068097,3544,352
213,850145622816686080,16868,4033
214,850019790995546112,21150,5164
215,849776966551130114,31512,8019
216,849668094696017920,0,5237
217,849412302885593088,16433,3318
218,849336543269576704,11828,1993
219,849051919805034497,44003,8998
220,848690551926992896,26117,4566
221,848324959059550208,25675,4861
222,848213670039564288,8469,788
223,848212111729840128,16932,3252
224,847978865427394560,0,3448
225,847971574464610304,0,454
226,847962785489326080,24404,5402
227,847842811428974592,5691,1423
228,847617282490613760,7277,450
229,847606175596138505,19500,3597
230,847251039262605312,21255,4557
231,847157206088847362,20742,6211
232,847116187444137987,22269,3394
233,846874817362120707,20890,4170
234,846514051647705089,46457,12320
235,846505985330044928,14687,3284
236,846153765933735936,32997,9634
237,846139713627017216,32140,10489
238,846042936437604353,16645,3076
239,845812042753855489,30522,9304
240,845677943972139009,26158,5087
241,845397057150107648,7954,1926
242,845306882940190720,24302,5738
243,845098359547420673,0,8158
244,844979544864018432,14217,2752
245,844973813909606400,15763,3421
246,844704788403113984,40407,11019
247,844580511645339650,17194,3350
248,844223788422217728,14226,2342
249,843981021012017153,15789,3118
250,843856843873095681,22340,4936
251,843604394117681152,17637,2943
252,843235543001513987,22457,6456
253,842846295480000512,15904,3840
254,842765311967449089,7051,1360
255,842535590457499648,18917,3742
256,842163532590374912,25607,6200
257,842115215311396866,14649,3239
258,841833993020538882,0,16406
259,841680585030541313,26821,8292
260,841439858740625411,13217,3926
261,841320156043304961,20667,5811
262,841314665196081154,16572,5022
263,841077006473256960,23961,5679
264,840761248237133825,0,1877
265,840728873075638272,0,17345
266,840698636975636481,187,2
267,840696689258311684,12879,1048
268,840632337062862849,9396,1877
269,840370681858686976,17253,4881
270,840268004936019968,20208,6146
271,839990271299457024,14082,2464
272,839549326359670784,28876,8346
273,839290600511926273,0,154
274,839239871831150596,28564,7020
275,838952994649550848,20580,4264
276,838921590096166913,11724,2231
277,838916489579200512,0,36
278,838831947270979586,0,11874
279,838561493054533637,11460,1423
280,838476387338051585,23732,5173
281,838201503651401729,0,10842
282,838150277551247360,1767,354
283,838085839343206401,149,0
284,838083903487373313,18530,3390
285,837820167694528512,35928,8452
286,837482249356513284,4030,476
287,837471256429613056,13449,2466
288,837366284874571778,22214,5696
289,837110210464448512,16843,2575
290,836989968035819520,13385,2472
291,836753516572119041,20220,4971
292,836677758902222849,13261,2392
293,836648853927522308,0,591
294,836397794269200385,0,29757
295,836380477523124226,15484,3186
296,836260088725786625,22376,4624
297,836001077879255040,20115,4626
298,835685285446955009,0,8792
299,835574547218894849,18729,3906
300,835536468978302976,0,1838
301,835309094223372289,0,22665
302,835297930240217089,17283,3229
303,835264098648616962,8159,1838
304,835246439529840640,2199,78
305,835172783151792128,27527,6190
306,835152434251116546,23649,3253
307,834931633769889797,11416,1783
308,834786237630337024,22289,5910
309,834574053763584002,14427,2739
310,834477809192075265,0,11522
311,834458053273591808,10139,1810
312,834209720923721728,21722,5167
313,834167344700198914,16610,3927
314,834089966724603904,10582,2290
315,834086379323871233,13773,2398
316,833863086058651648,14133,2598
317,833826103416520705,18948,4038
318,833732339549220864,0,233
319,833722901757046785,21826,3469
320,833479644947025920,15674,2231
321,833124694597443584,21287,5237
322,832998151111966721,14030,2395
323,832769181346996225,0,40
324,832757312314028032,17751,3921
325,832682457690300417,12532,3173
326,832645525019123713,3083,563
327,832636094638288896,16747,3030
328,832397543355072512,12603,2404
329,832369877331693569,18111,3448
330,832273440279240704,11939,2524
331,832215909146226688,0,6698
332,832215726631055365,0,10159
333,832088576586297345,70,2
334,832040443403784192,0,10519
335,832032802820481025,18830,5026
336,831939777352105988,25348,6640
337,831926988323639298,361,35
338,831911600680497154,29220,7057
339,831670449226514432,11033,1962
340,831650051525054464,7584,2104
341,831552930092285952,9514,2485
342,831322785565769729,9715,1652
343,831315979191906304,6900,1210
344,831309418084069378,12395,2641
345,831262627380748289,12586,2224
346,830956169170665475,8427,1621
347,830583320585068544,70745,18247
348,830173239259324417,0,6186
349,830097400375152640,10384,3259
350,829878982036299777,0,5439
351,829861396166877184,12928,2123
352,829501995190984704,33581,11522
353,829449946868879360,11073,2204
354,829374341691346946,36619,10119
355,829141528400556032,25933,8048
356,829011960981237760,56101,17611
357,828801551087042563,0,3692
358,828770345708580865,27072,6368
359,828708714936930305,38765,12199
360,828650029636317184,10058,1463
361,828409743546925057,6662,1248
362,828408677031882754,8100,1394
363,828381636999917570,13377,2416
364,828376505180889089,7818,1153
365,828372645993398273,13271,3197
366,828361771580813312,2322,184
367,828046555563323392,12455,3108
368,828011680017821696,10984,2335
369,827933404142436356,21343,5679
370,827653905312006145,16340,3267
371,827600520311402496,7847,1030
372,827324948884643840,16814,3333
373,827199976799354881,11207,2439
374,826958653328592898,22877,5439
375,826848821049180160,38673,11120
376,826615380357632002,0,4299
377,826598799820865537,5427,277
378,826598365270007810,10694,2555
379,826476773533745153,19543,4562
380,826240494070030336,14085,2814
381,826204788643753985,5179,1015
382,826115272272650244,16627,3416
383,825876512159186944,11106,2034
384,825829644528148480,13521,2710
385,825535076884762624,55285,18723
386,825147591692263424,19429,4986
387,825120256414846976,0,1396
388,825026590719483904,6741,1396
389,824796380199809024,0,5989
390,824775126675836928,15909,3839
391,824663926340194305,10698,1892
392,824325613288833024,12513,11314
393,824297048279236611,15994,4216
394,824025158776213504,5074,645
395,823939628516474880,11315,2957
396,823719002937630720,0,12249
397,823699002998870016,13372,2640
398,823581115634085888,13856,2883
399,823333489516937216,741,28
400,823322678127919110,16735,4384
401,823269594223824897,0,10752
402,822975315408461824,18387,3754
403,822872901745569793,140814,47876
404,822859134160621569,14063,2493
405,822647212903690241,0,7004
406,822610361945911296,15711,3239
407,822489057087389700,19324,7004
408,822462944365645825,30321,16013
409,822244816520155136,37270,10752
410,822163064745328640,0,5255
411,821886076407029760,12092,2558
412,821813639212650496,0,3650
413,821765923262631936,8969,1819
414,821522889702862852,8540,1934
415,821421320206483457,0,6120
416,821407182352777218,12547,4755
417,821153421864615936,270,10
418,821149554670182400,9288,2199
419,821107785811234820,10216,2327
420,821044531881721856,13500,2505
421,820837357901512704,0,7329
422,820749716845686786,33615,10842
423,820690176645140481,13004,3531
424,820494788566847489,0,620
425,820446719150292993,0,2828
426,820314633777061888,3551,620
427,820078625395449857,21136,6880
428,820013781606658049,0,1298
429,819952236453363712,5669,1298
430,819924195358416896,13716,5296
431,819711362133872643,14361,3434
432,819588359383371776,10198,2153
433,819347104292290561,7702,1323
434,819238181065359361,2431,442
435,819227688460238848,24624,7329
436,819015337530290176,0,40173
437,819015331746349057,0,20714
438,819006400881917954,48162,20714
439,819004803107983360,92181,40173
440,818646164899774465,0,22850
441,818627210458333184,23675,8152
442,818614493328580609,10533,2831
443,818588835076603904,0,6729
444,818536468981415936,11648,2715
445,818307523543449600,0,8899
446,818259473185828864,11777,2509
447,818145370475810820,13114,2843
448,817908911860748288,5165,866
449,817827839487737858,55387,29757
450,817777686764523521,11423,2930
451,817536400337801217,12607,3326
452,817502432452313088,0,3714
453,817423860136083457,36547,16406
454,817415592588222464,5992,1056
455,817181837579653120,0,9327
456,817171292965273600,9317,2204
457,817120970343411712,13002,2877
458,817056546584727552,9157,1816
459,816829038950027264,0,5178
460,816816676327063552,10685,2233
461,816697700272001025,10476,2427
462,816450570814898180,32676,8899
463,816336735214911488,9186,2146
464,816091915477250048,9536,2365
465,816062466425819140,0,1142
466,816014286006976512,0,5833
467,815990720817401858,5338,1142
468,815966073409433600,23994,9327
469,815745968457060357,0,4546
470,815736392542261248,10524,2498
471,815639385530101762,8786,1807
472,815390420867969024,11076,4180
473,814986499976527872,8166,1422
474,814638523311648768,12057,2972
475,814578408554463233,0,6373
476,814530161257443328,9273,2035
477,814153002265309185,30788,9547
478,813944609378369540,0,3511
479,813910438903693312,9944,2067
480,813812741911748608,38895,15386
481,813800681631023104,8929,1929
482,813217897535406080,19997,8019
483,813202720496779264,9827,1974
484,813187593374461952,21232,4801
485,813172488309972993,9985,2102
486,813157409116065792,8301,2440
487,813142292504645637,9015,2594
488,813130366689148928,4781,488
489,813127251579564032,12691,3440
490,813112105746448384,11054,3028
491,813096984823349248,11266,3965
492,813081950185472002,10564,3045
493,813066809284972545,8522,2142
494,813051746834595840,22453,8061
495,812781120811126785,8112,2100
496,812747805718642688,0,7620
497,812709060537683968,7101,1571
498,812503143955202048,6508,1347
499,812466873996607488,8562,2117
500,812372279581671427,14682,4029
501,811985624773361665,7782,1546
502,811744202451197953,8086,1772
503,811647686436880384,5979,817
504,811627233043480576,13701,3442
505,811386762094317568,22394,7033
506,810984652412424192,5716,1578
507,810896069567610880,9697,1968
508,810657578271330305,11751,2912
509,810284430598270976,37986,12555
510,810254108431155201,15746,3692
511,809920764300447744,16608,4299
512,809808892968534016,0,5398
513,809448704142938112,7426,1616
514,809220051211603969,21373,6186
515,809084759137812480,14177,3857
516,808838249661788160,10836,3348
517,808733504066486276,8484,2390
518,808501579447930884,12102,2865
519,808344865868283904,45574,22850
520,808134635716833280,0,6555
521,808106460588765185,9349,2415
522,808001312164028416,13488,3893
523,807621403335917568,15628,4055
524,807106840509214720,127397,61169
525,807059379405148160,0,8080
526,807010152071229440,13990,4212
527,806629075125202948,80607,38377
528,806620845233815552,0,6082
529,806576416489959424,5198,2115
530,806542213899489280,10962,2608
531,806242860592926720,0,12872
532,806219024703037440,6891,1317
533,805958939288408065,0,5923
534,805932879469572096,8877,2107
535,805826884734976000,7068,2016
536,805823200554876929,0,8860
537,805520635690676224,6149,1816
538,805487436403003392,9409,2793
539,805207613751304193,8373,1879
540,804738756058218496,14739,4242
541,804475857670639616,6597,2215
542,804413760345620481,0,3550
543,804026241225523202,47907,17868
544,803773340896923648,10781,3052
545,803692223237865472,0,8187
546,803638050916102144,11790,4558
547,803380650405482500,8317,2047
548,803321560782307329,0,5863
549,803276597545603072,10762,2723
550,802952499103731712,9696,2214
551,802624713319034886,0,3227
552,802600418706604034,7644,1625
553,802572683846291456,9596,2755
554,802323869084381190,17457,6435
555,802265048156610565,7086,1503
556,802239329049477120,9751,2870
557,802185808107208704,0,293
558,801958328846974976,8285,1884
559,801854953262350336,1886,258
560,801538201127157760,8813,2269
561,801285448605831168,6509,919
562,801167903437357056,26330,6555
563,801127390143516673,0,4384
564,801115127852503040,8685,2306
565,800859414831898624,742,107
566,800855607700029440,0,1797
567,800751577355128832,11278,3059
568,800513324630806528,14117,3316
569,800459316964663297,10163,2387
570,800443802682937345,0,4760
571,800388270626521089,11976,3096
572,800188575492947969,0,4346
573,800141422401830912,16437,2828
574,800018252395122689,30507,14523
575,799774291445383169,0,5167
576,799757965289017345,9034,2389
577,799422933579902976,8647,2111
578,799308762079035393,0,6099
579,799297110730567681,10655,3060
580,799063482566066176,8700,2722
581,798933969379225600,14150,4944
582,798925684722855936,7995,1586
583,798705661114773508,0,7283
584,798701998996647937,0,8604
585,798697898615730177,0,7184
586,798694562394996736,0,5471
587,798686750113755136,0,2568
588,798682547630837760,0,5207
589,798673117451325440,0,6116
590,798665375516884993,0,4287
591,798644042770751489,0,2039
592,798628517273620480,0,2166
593,798585098161549313,0,6291
594,798576900688019456,0,6470
595,798340744599797760,0,3710
596,798209839306514432,11152,2828
597,797971864723324932,12517,3461
598,797545162159308800,15585,5360
599,797236660651966464,21477,7316
600,797165961484890113,248,29
601,796904159865868288,0,9801
602,796865951799083009,8252,2100
603,796759840936919040,12768,3370
604,796563435802726400,0,8050
605,796484825502875648,8151,1946
606,796387464403357696,11831,4596
607,796177847564038144,0,15797
608,796149749086875649,34788,15797
609,796125600683540480,5307,1967
610,796116448414461957,9776,2672
611,796080075804475393,9092,2565
612,796031486298386433,11608,4064
613,795464331001561088,53555,26286
614,795400264262053889,10863,3164
615,795076730285391872,17447,5989
616,794983741416415232,0,3715
617,794926597468000259,11055,2551
618,794355576146903043,0,11348
619,794332329137291264,10288,2921
620,794205286408003585,9879,3650
621,793962221541933056,18094,5398
622,793845145112371200,9889,2067
623,793614319594401792,0,3438
624,793601777308463104,8566,1806
625,793500921481273345,11499,2623
626,793286476301799424,26467,10159
627,793271401113350145,9296,2611
628,793256262322548741,21492,9191
629,793241302385262592,11304,3613
630,793226087023144960,10585,3155
631,793210959003287553,9613,3107
632,793195938047070209,16420,6200
633,793180763617361921,7439,2193
634,793165685325201412,10116,3070
635,793150605191548928,6629,1882
636,793135492858580992,6956,2756
637,793120401413079041,13649,4314
638,792913359805018113,15414,4431
639,792883833364439040,12166,4714
640,792773781206999040,7892,1855
641,792394556390137856,14468,4728
642,792050063153438720,7720,1982
643,791821351946420224,0,23181
644,791784077045166082,0,10626
645,791780927877898241,0,4196
646,791774931465953280,48535,24479
647,791672322847637504,12631,3438
648,791406955684368384,14099,4546
649,791312159183634433,9445,2806
650,791026214425268224,0,4539
651,790987426131050500,10633,2359
652,790946055508652032,17852,5178
653,790723298204217344,0,2555
654,790698755171364864,8800,2102
655,790581949425475584,22212,7916
656,790337589677002753,8407,2059
657,790277117346975746,13470,3511
658,790227638568808452,0,3935
659,789986466051088384,9939,2555
660,789960241177853952,0,4568
661,789903600034189313,11165,4545
662,789628658055020548,8080,1966
663,789599242079838210,7267,2134
664,789530877013393408,12645,3715
665,789314372632018944,9251,2537
666,789280767834746880,0,5454
667,789268448748703744,9789,2835
668,789137962068021249,10428,3078
669,788908386943430656,29433,13635
670,788765914992902144,29460,11348
671,788552643979468800,0,7933
672,788412144018661376,16754,5843
673,788178268662984705,7770,2333
674,788150585577050112,6611,1434
675,788070120937619456,0,3768
676,788039637453406209,6594,1456
677,787810552592695296,9315,3359
678,787717603741622272,10973,3065
679,787397959788929025,11645,3120
680,787322443945877504,8366,1918
681,787111942498508800,0,7387
682,786963064373534720,28543,8792
683,786729988674449408,0,2658
684,786709082849828864,19507,6697
685,786664955043049472,11442,2822
686,786595970293370880,10099,3403
687,786363235746385920,11698,3858
688,786286427768250368,8560,3148
689,786233965241827333,16423,5254
690,786051337297522688,1546,169
691,786036967502913536,0,7772
692,785927819176054784,12184,3475
693,785872687017132033,7170,2007
694,785639753186217984,8378,2437
695,785533386513321988,9764,2205
696,785515384317313025,6536,1382
697,785264754247995392,7787,1798
698,785170936622350336,12982,5343
699,784826020293709826,10871,3550
700,784517518371221505,9617,2784
701,784431430411685888,6102,1408
702,784183165795655680,21565,8860
703,784057939640352768,32045,12249
704,783839966405230592,32208,11874
705,783821107061198850,7883,2153
706,783695101801398276,11193,3541
707,783466772167098368,9049,2476
708,783391753726550016,18061,6052
709,783347506784731136,0,6150
710,783334639985389568,31327,12872
711,783085703974514689,8715,2441
712,782969140009107456,25822,8080
713,782747134529531904,7997,1532
714,782722598790725632,18495,5923
715,782598640137187329,8319,2056
716,782305867769217024,17850,6120
717,782021823840026624,0,6852
718,781955203444699136,11891,3687
719,781661882474196992,11180,2973
720,781655249211752448,4285,1234
721,781524693396357120,22225,6082
722,781308096455073793,7632,2790
723,781251288990355457,9031,2303
724,781163403222056960,10449,2997
725,780931614150983680,23162,8050
726,780858289093574656,7699,2189
727,780800785462489090,5900,1424
728,780601303617732608,12925,3650
729,780543529827336192,6750,1903
730,780496263422808064,0,4072
731,780476555013349377,0,128
732,780459368902959104,5655,1175
733,780192070812196864,9312,2452
734,780092040432480260,0,2523
735,780074436359819264,13098,5474
736,779834332596887552,20328,7772
737,779377524342161408,9435,3407
738,779124354206535695,0,20171
739,779123168116150273,12626,3985
740,779056095788752897,15827,4956
741,778990705243029504,21422,7973
742,778774459159379968,0,10917
743,778764940568104960,916,402
744,778748913645780993,7379,1460
745,778650543019483137,6177,1632
746,778624900596654080,4975,1111
747,778408200802557953,14598,4763
748,778396591732486144,0,13412
749,778383385161035776,6237,1208
750,778286810187399168,11111,3622
751,778039087836069888,9062,2888
752,778027034220126208,7003,1776
753,777953400541634568,0,3858
754,777885040357281792,6799,1798
755,777684233540206592,11997,3227
756,777641927919427584,0,4650
757,777621514455814149,9377,2729
758,777189768882946048,15308,4741
759,776819012571455488,0,15049
760,776813020089548800,5213,1324
761,776477788987613185,9452,3065
762,776249906839351296,0,10010
763,776218204058357768,32058,17462
764,776201521193218049,10246,2759
765,776113305656188928,12549,4760
766,776088319444877312,1960,166
767,775898661951791106,0,17959
768,775842724423557120,12513,2927
769,775733305207554048,14788,4384
770,775729183532220416,13802,4988
771,775364825476165632,7933,3250
772,775350846108426240,10837,4270
773,775085132600442880,16588,5167
774,774757898236878852,9119,1933
775,774639387460112384,7175,1900
776,774314403806253056,23225,6099
777,773985732834758656,11458,4235
778,773922284943896577,6825,1890
779,773704687002451968,7044,1783
780,773670353721753600,5676,1416
781,773547596996571136,23540,6729
782,773336787167145985,0,5559
783,773308824254029826,24778,8158
784,773247561583001600,10054,3501
785,773191612633579521,10648,4487
786,772877495989305348,9147,4225
787,772826264096874500,8510,2539
788,772615324260794368,0,3681
789,772581559778025472,6901,1844
790,772193107915964416,6404,1508
791,772152991789019136,4029,1223
792,772117678702071809,3999,801
793,772114945936949249,2890,516
794,772102971039580160,4271,1009
795,771908950375665664,7012,2065
796,771770456517009408,12789,3710
797,771500966810099713,8820,2863
798,771380798096281600,11217,5559
799,771171053431250945,0,8247
800,771136648247640064,9800,3196
801,771102124360998913,6642,1562
802,771014301343748096,7324,1803
803,771004394259247104,0,240
804,770787852854652928,5283,1329
805,770772759874076672,5537,1540
806,770655142660169732,7804,1895
807,770414278348247044,6708,2244
808,770293558247038976,6652,1625
809,770093767776997377,0,3312
810,770069151037685760,8077,2508
811,769940425801170949,33518,10519
812,769695466921623552,6807,1804
813,769335591808995329,0,8371
814,769212283578875904,5746,1868
815,768970937022709760,15346,7124
816,768909767477751808,0,2942
817,768855141948723200,4462,968
818,768609597686943744,4380,1321
819,768596291618299904,5345,1388
820,768554158521745409,0,6341
821,768473857036525572,14529,3726
822,768193404517830656,11617,3858
823,767884188863397888,5063,1528
824,767754930266464257,17077,5863
825,767500508068192258,7967,2539
826,767191397493538821,13072,4147
827,767122157629476866,10786,3106
828,766864461642756096,0,6155
829,766793450729734144,5403,1475
830,766714921925144576,2769,421
831,766693177336135680,4299,862
832,766423258543644672,6409,1736
833,766313316352462849,7213,2045
834,766078092750233600,0,2829
835,766069199026450432,4548,937
836,766008592277377025,3982,537
837,765719909049503744,7714,2340
838,765669560888528897,5531,1324
839,765395769549590528,28087,3690
840,765371061932261376,7551,2347
841,765222098633691136,12359,3681
842,764857477905154048,6836,1925
843,764259802650378240,6438,1651
844,763956972077010945,787,59
845,763837565564780549,13412,4539
846,763183847194451968,5749,1602
847,763167063695355904,0,3280
848,763103485927849985,7825,2480
849,762699858130116608,12944,3935
850,762471784394268675,11998,7036
851,762464539388485633,10979,4568
852,762316489655476224,5122,1226
853,762035686371364864,34037,16945
854,761976711479193600,5744,2196
855,761750502866649088,0,4277
856,761745352076779520,4523,935
857,761672994376806400,52669,31526
858,761599872357261312,4387,1276
859,761371037149827077,0,19495
860,761334018830917632,5536,1574
861,761292947749015552,4746,1192
862,761227390836215808,5650,1691
863,761004547850530816,12023,3768
864,760893934457552897,4057,1056
865,760656994973933572,7021,2094
866,760641137271070720,5263,1404
867,760539183865880579,8048,3941
868,760521673607086080,4485,1517
869,760290219849637889,28476,12466
870,760252756032651264,4186,938
871,760190180481531904,6058,1963
872,760153949710192640,0,34
873,759943073749200896,6304,2269
874,759923798737051648,15603,6155
875,759846353224826880,7137,2149
876,759793422261743616,6324,2062
877,759566828574212096,0,22910
878,759557299618865152,4995,1271
879,759447681597108224,9007,2658
880,759446261539934208,1774,526
881,759197388317847553,6432,2113
882,759159934323924993,0,1262
883,759099523532779520,15438,4526
884,759047813560868866,6916,2189
885,758854675097526272,3769,968
886,758828659922702336,11868,4157
887,758740312047005698,6074,1739
888,758474966123810816,4059,1077
889,758467244762497024,5100,2418
890,758405701903519748,5515,2091
891,758355060040593408,3649,1178
892,758099635764359168,20369,10917
893,758041019896193024,2872,406
894,757741869644341248,7302,3530
895,757729163776290825,0,8782
896,757725642876129280,4816,1319
897,757611664640446465,4837,1213
898,757597904299253760,0,315
899,757596066325864448,4615,1145
900,757400162377592832,16074,7406
901,757393109802180609,6196,1893
902,757354760399941633,4784,1543
903,756998049151549440,6647,2153
904,756939218950160384,7060,2178
905,756651752796094464,5374,1424
906,756526248105566208,11028,3916
907,756303284449767430,4189,1176
908,756288534030475264,45362,18933
909,756275833623502848,6828,1650
910,755955933503782912,7782,3130
911,755206590534418437,17447,5829
912,755110668769038337,22511,11998
913,754874841593970688,0,8680
914,754856583969079297,7288,2738
915,754747087846248448,2733,568
916,754482103782404096,5627,2111
917,754449512966619136,3968,797
918,754120377874386944,8302,2535
919,753655901052166144,6191,2356
920,753420520834629632,8391,3861
921,753398408988139520,6130,2078
922,753375668877008896,8086,2523
923,753298634498793472,0,6243
924,753294487569522689,3601,1127
925,753039830821511168,39313,22665
926,753026973505581056,4122,1055
927,752932432744185856,13368,7387
928,752917284578922496,7303,1704
929,752701944171524096,0,3122
930,752682090207055872,6343,1740
931,752660715232722944,4669,1707
932,752568224206688256,5854,2470
933,752519690950500352,7809,3724
934,752334515931054080,4038,1190
935,752309394570878976,0,18048
936,752173152931807232,6298,1998
937,751950017322246144,3257,1006
938,751937170840121344,5523,1456
939,751830394383790080,6139,2121
940,751793661361422336,6207,3149
941,751598357617971201,8360,3291
942,751583847268179968,4662,1205
943,751538714308972544,5331,1373
944,751456908746354688,3385,1078
945,751251247299190784,13229,6338
946,751205363882532864,6677,1977
947,751132876104687617,5378,1411
948,750868782890057730,5051,1500
949,750719632563142656,13973,5454
950,750506206503038976,4699,1244
951,750429297815552001,13939,4650
952,750383411068534784,4812,1227
953,750381685133418496,732,32
954,750147208377409536,3278,1043
955,750132105863102464,3847,1374
956,750117059602808832,4581,1406
957,750101899009982464,3216,910
958,750086836815486976,2300,591
959,750071704093859840,8315,3609
960,750056684286914561,3317,969
961,750041628174217216,3360,670
962,750026558547456000,2871,853
963,750011400160841729,3434,984
964,749996283729883136,3208,874
965,749981277374128128,5404,2644
966,749774190421639168,4915,1418
967,749417653287129088,6440,1802
968,749403093750648834,2778,589
969,749395845976588288,9097,3741
970,749317047558017024,5797,2391
971,749075273010798592,6091,2233
972,749064354620928000,5060,1629
973,749036806121881602,3277,843
974,748977405889503236,11318,3666
975,748932637671223296,6176,2439
976,748705597323898880,2923,1022
977,748699167502000129,4998,1724
978,748692773788876800,4477,1436
979,748575535303884801,6402,2151
980,748568946752774144,2301,726
981,748346686624440324,5517,1337
982,748337862848962560,8129,4442
983,748324050481647620,3902,826
984,748307329658011649,3870,770
985,748220828303695873,14915,8392
986,747963614829678593,6100,2312
987,747933425676525569,6987,2751
988,747885874273214464,3114,1062
989,747844099428986880,2959,809
990,747816857231626240,5117,1253
991,747651430853525504,1457,169
992,747648653817413632,13603,6293
993,747600769478692864,2446,591
994,747594051852075008,3896,1132
995,747512671126323200,5853,1707
996,747461612269887489,4078,1112
997,747439450712596480,5721,2073
998,747242308580548608,0,3101
999,747219827526344708,5568,1703
1000,747204161125646336,3567,992
1001,747103485104099331,10094,4297
1002,746906459439529985,3045,318
1003,746872823977771008,6318,2309
1004,746818907684614144,5581,1855
1005,746790600704425984,5144,1711
1006,746757706116112384,10086,4196
1007,746726898085036033,6362,1925
1008,746542875601690625,5309,2006
1009,746521445350707200,0,1057
1010,746507379341139972,4876,1162
1011,746369468511756288,6489,1767
1012,746131877086527488,7275,2366
1013,746056683365994496,3738,874
1014,745789745784041472,4245,1146
1015,745712589599014916,7362,2489
1016,745433870967832576,7479,2726
1017,745422732645535745,9025,2609
1018,745314880350101504,7547,2980
1019,745074613265149952,8254,3790
1020,745057283344719872,7614,2444
1021,744995568523612160,3128,671
1022,744971049620602880,8294,2891
1023,744709971296780288,5880,1674
1024,744334592493166593,7128,2296
1025,744234799360020481,164715,83935
1026,744223424764059648,1786,401
1027,743980027717509120,4374,1168
1028,743895849529389061,3832,1027
1029,743835915802583040,0,2238
1030,743609206067040256,4715,1478
1031,743595368194129920,19438,7046
1032,743545585370791937,3711,1002
1033,743510151680958465,8316,3962
1034,743253157753532416,4455,1307
1035,743222593470234624,6520,2041
1036,743210557239623680,4029,1462
1037,742534281772302336,7409,3809
1038,742528092657332225,4666,2136
1039,742465774154047488,7639,4166
1040,742423170473463808,10340,4072
1041,742385895052087300,7151,2135
1042,742161199639494656,4565,1472
1043,742150209887731712,5400,1671
1044,741793263812808706,4790,1616
1045,741743634094141440,8600,2965
1046,741438259667034112,3862,896
1047,741303864243200000,9219,3471
1048,741099773336379392,10564,5944
1049,741067306818797568,9933,3312
1050,740995100998766593,6724,2966
1051,740711788199743490,3582,999
1052,740699697422163968,2978,839
1053,740676976021798912,19075,7283
1054,740373189193256964,36530,14245
1055,740365076218183684,2607,469
1056,740359016048689152,3464,916
1057,740214038584557568,7022,2106
1058,739979191639244800,20983,6341
1059,739932936087216128,4256,1155
1060,739844404073074688,3985,915
1061,739623569819336705,3992,1453
1062,739606147276148736,5660,1773
1063,739544079319588864,41697,22910
1064,739485634323156992,7556,3149
1065,739238157791694849,121717,62197
1066,738891149612572673,113,6
1067,738885046782832640,3953,1223
1068,738883359779196928,3507,870
1069,738537504001953792,5352,1670
1070,738402415918125056,3422,905
1071,738184450748633089,4525,1295
1072,738166403467907072,9249,3645
1073,738156290900254721,2661,700
1074,737826014890496000,5533,1883
1075,737800304142471168,10486,3704
1076,737678689543020544,5294,1430
1077,737445876994609152,10795,4774
1078,737322739594330112,3787,869
1079,737310737551491075,15414,7932
1080,736736130620620800,4530,1856
1081,736392552031657984,18645,7933
1082,736365877722001409,4184,1342
1083,736225175608430592,8534,2964
1084,736010884653420544,8285,3185
1085,735991953473572864,3769,1229
1086,735648611367784448,4204,1175
1087,735635087207878657,6480,2512
1088,735274964362878976,13640,5426
1089,735256018284875776,3505,949
1090,735137028879360001,3283,1038
1091,734912297295085568,2870,550
1092,734787690684657664,13184,6737
1093,734776360183431168,2634,583
1094,734559631394082816,1571,423
1095,733828123016450049,3771,829
1096,733822306246479872,3850,1078
1097,733482008106668032,3292,1014
1098,733460102733135873,4417,1366
1099,733109485275860992,51587,17959
1100,732732193018155009,2563,574
1101,732726085725589504,3702,946
1102,732585889486888962,3867,822
1103,732375214819057664,8480,2697
1104,732005617171337216,15672,5833
1105,731285275100512256,3660,1050
1106,731156023742988288,4022,1359
1107,730924654643314689,6431,2113
1108,730573383004487680,5159,2301
1109,730427201120833536,3629,1111
1110,730211855403241472,4009,1130
1111,730196704625098752,5119,2049
1112,729854734790754305,4225,1203
1113,729838605770891264,1787,410
1114,729823566028484608,4179,1322
1115,729463711119904772,6077,2465
1116,729113531270991872,1976,350
1117,728986383096946689,3310,878
1118,728760639972315136,4893,1820
1119,728751179681943552,2911,725
1120,728653952833728512,3468,1108
1121,728409960103686147,5145,2143
1122,728387165835677696,3843,1021
1123,728046963732717569,4515,1255
1124,728035342121635841,4768,1779
1125,728015554473250816,4296,1164
1126,727685679342333952,3071,683
1127,727644517743104000,6171,1863
1128,727524757080539137,4675,1302
1129,727314416056803329,3482,802
1130,727286334147182592,3188,871
1131,727175381690781696,4052,1468
1132,727155742655025152,3809,1409
1133,726935089318363137,7207,2612
1134,726887082820554753,4015,1605
1135,726828223124897792,3714,1074
1136,726224900189511680,4620,1227
1137,725842289046749185,7385,2829
1138,725786712245440512,4360,1449
1139,725729321944506368,5430,1896
1140,725458796924002305,1477,663
1141,724983749226668032,3880,1388
1142,724771698126512129,2481,685
1143,724405726123311104,5551,1757
1144,724049859469295616,4524,1884
1145,724046343203856385,2786,595
1146,724004602748780546,4377,1680
1147,723912936180330496,4075,1306
1148,723688335806480385,8066,3176
1149,723673163800948736,3164,950
1150,723179728551723008,5542,2000
1151,722974582966214656,4303,1675
1152,722613351520608256,5188,1743
1153,721503162398597120,4874,1994
1154,721001180231503872,2647,656
1155,720785406564900865,3255,820
1156,720775346191278080,2595,722
1157,720415127506415616,4316,1592
1158,720389942216527872,6716,2683
1159,720340705894408192,3006,1037
1160,720059472081784833,4065,1200
1161,720043174954147842,5132,2140
1162,719991154352222208,5058,1861
1163,719704490224398336,4779,1547
1164,719551379208073216,5287,2051
1165,719367763014393856,2923,786
1166,719339463458033665,4617,1335
1167,719332531645071360,3572,1017
1168,718971898235854848,3650,1166
1169,718939241951195136,5480,1875
1170,718631497683582976,19767,8604
1171,718613305783398402,2550,514
1172,718540630683709445,2601,1079
1173,718460005985447936,2819,564
1174,718454725339934721,5088,1604
1175,718246886998687744,2022,532
1176,718234618122661888,4058,1069
1177,717841801130979328,2569,631
1178,717790033953034240,3019,1202
1179,717537687239008257,6017,1964
1180,717428917016076293,1681,484
1181,717421804990701568,3291,899
1182,717047459982213120,6555,2031
1183,717009362452090881,3420,1038
1184,716802964044845056,4471,1254
1185,716791146589110272,6252,1526
1186,716730379797970944,1287,455
1187,716447146686459905,13712,6282
1188,716439118184652801,2474,227
1189,716285507865542656,2907,1157
1190,716080869887381504,7028,2048
1191,715928423106027520,3339,931
1192,715758151270801409,3911,1514
1193,715733265223708672,4888,1799
1194,715704790270025728,2921,605
1195,715696743237730304,4084,1369
1196,715680795826982913,4529,1726
1197,715360349751484417,5718,1678
1198,715342466308784130,3167,726
1199,715220193576927233,2524,696
1200,715200624753819648,5353,2012
1201,715009755312439296,4355,1321
1202,714982300363173890,3927,1106
1203,714962719905021952,7701,4548
1204,714957620017307648,4329,1513
1205,714631576617938945,3420,1070
1206,714606013974974464,3794,987
1207,714485234495041536,2833,1233
1208,714258258790387713,3147,763
1209,714251586676113411,3420,895
1210,714214115368108032,2374,938
1211,714141408463036416,4507,1497
1212,713919462244790272,3429,827
1213,713909862279876608,2005,579
1214,713900603437621249,2965,792
1215,713761197720473600,5110,1468
1216,713411074226274305,4618,1375
1217,713177543487135744,7537,3015
1218,713175907180089344,4666,1556
1219,712809025985978368,19479,7184
1220,712717840512598017,12931,5334
1221,712668654853337088,4351,1295
1222,712438159032893441,5576,1669
1223,712309440758808576,255,25
1224,712097430750289920,3978,1105
1225,712092745624633345,3084,957
1226,712085617388212225,3397,516
1227,712065007010385924,2369,667
1228,711998809858043904,0,134
1229,711968124745228288,8437,2465
1230,711743778164514816,2976,1049
1231,711732680602345472,9312,4393
1232,711694788429553666,34394,19495
1233,711652651650457602,4052,979
1234,711363825979756544,3828,1208
1235,711306686208872448,3467,780
1236,711008018775851008,3136,662
1237,710997087345876993,4765,1486
1238,710844581445812225,2668,736
1239,710833117892898816,2817,575
1240,710658690886586372,2423,603
1241,710609963652087808,5028,2506
1242,710588934686908417,4767,2000
1243,710296729921429505,2484,787
1244,710283270106132480,2235,550
1245,710272297844797440,4740,1343
1246,710269109699739648,2515,1204
1247,710153181850935296,3050,953
1248,710140971284037632,2899,954
1249,710117014656950272,5768,2123
1250,709918798883774466,3126,1140
1251,709901256215666688,706,105
1252,709852847387627521,3670,1275
1253,709566166965075968,3713,1285
1254,709556954897764353,3444,1134
1255,709519240576036864,1557,256
1256,709449600415961088,2331,626
1257,709409458133323776,2739,740
1258,709225125749587968,2518,609
1259,709207347839836162,13227,6227
1260,709198395643068416,2528,684
1261,709179584944730112,2111,719
1262,709158332880297985,2139,449
1263,709042156699303936,4985,1751
1264,708853462201716736,1882,700
1265,708845821941387268,3121,956
1266,708834316713893888,1775,538
1267,708810915978854401,17291,7419
1268,708738143638450176,2874,872
1269,708711088997666817,2673,775
1270,708479650088034305,2673,720
1271,708469915515297792,3235,877
1272,708400866336894977,16796,10804
1273,708356463048204288,3792,1427
1274,708349470027751425,2466,788
1275,708149363256774660,4484,1643
1276,708130923141795840,3553,892
1277,708119489313951744,2812,1044
1278,708109389455101952,2026,578
1279,708026248782585858,4577,2041
1280,707995814724026368,3279,1199
1281,707983188426153984,51,2
1282,707969809498152960,2827,1034
1283,707776935007539200,3441,1010
1284,707741517457260545,2616,653
1285,707738799544082433,4299,2639
1286,707693576495472641,3611,1069
1287,707629649552134146,2706,939
1288,707610948723478529,17800,6852
1289,707420581654872064,2388,739
1290,707411934438625280,2389,638
1291,707387676719185920,3675,1389
1292,707377100785885184,3442,1155
1293,707315916783140866,2599,685
1294,707297311098011648,2899,851
1295,707059547140169728,2704,726
1296,707038192327901184,2302,850
1297,707021089608753152,4268,1463
1298,707014260413456384,2424,639
1299,706904523814649856,15312,8371
1300,706901761596989440,2171,640
1301,706681918348251136,3484,1033
1302,706644897839910912,2707,1169
1303,706593038911545345,2264,670
1304,706538006853918722,3624,1511
1305,706516534877929472,3248,1107
1306,706346369204748288,3617,986
1307,706310011488698368,22480,8530
1308,706291001778950144,1784,499
1309,706265994973601792,2866,982
1310,706169069255446529,4094,2375
1311,706166467411222528,5409,1719
1312,706153300320784384,1564,414
1313,705975130514706432,3254,788
1314,705970349788291072,3294,951
1315,705898680587526145,2493,597
1316,705786532653883392,2049,561
1317,705591895322394625,3324,1229
1318,705475953783398401,3101,988
1319,705442520700944385,4671,1753
1320,705428427625635840,4012,1808
1321,705239209544720384,3144,804
1322,705223444686888960,2706,863
1323,705102439679201280,2256,545
1324,705066031337840642,2281,645
1325,704871453724954624,4482,1186
1326,704859558691414016,2366,582
1327,704847917308362754,5364,1637
1328,704819833553219584,2765,1068
1329,704761120771465216,6964,3101
1330,704499785726889984,3088,1067
1331,704491224099647488,805,88
1332,704480331685040129,3569,1131
1333,704364645503647744,8434,3806
1334,704347321748819968,1669,374
1335,704134088924532736,1588,500
1336,704113298707505153,1953,603
1337,704054845121142784,3063,978
1338,703774238772166656,1938,499
1339,703769065844768768,3459,1213
1340,703631701117943808,2724,739
1341,703611486317502464,4059,1620
1342,703425003149250560,3989,1474
1343,703407252292673536,2574,743
1344,703382836347330562,3684,1217
1345,703356393781329922,2012,414
1346,703268521220972544,2065,584
1347,703079050210877440,7765,3318
1348,703041949650034688,27725,13412
1349,702932127499816960,2723,773
1350,702899151802126337,1690,483
1351,702684942141153280,3375,1154
1352,702671118226825216,2309,601
1353,702598099714314240,10862,3494
1354,702539513671897089,3022,1020
1355,702332542343577600,3363,1666
1356,702321140488925184,3453,1101
1357,702276748847800320,2602,816
1358,702217446468493312,5050,1431
1359,701981390485725185,3621,1061
1360,701952816642965504,4005,1093
1361,701889187134500865,3744,1471
1362,701805642395348998,3612,1817
1363,701601587219795968,2195,489
1364,701570477911896070,2970,1002
1365,701545186879471618,2795,655
1366,701214700881756160,12845,5471
1367,700890391244103680,2334,616
1368,700864154249383937,2721,655
1369,700847567345688576,2554,536
1370,700796979434098688,2563,1027
1371,700747788515020802,24003,10010
1372,700518061187723268,2779,856
1373,700505138482569216,2397,610
1374,700462010979500032,4349,1926
1375,700167517596164096,2783,797
1376,700151421916807169,2355,707
1377,700143752053182464,7921,2942
1378,700062718104104960,2782,743
1379,700029284593901568,2176,626
1380,700002074055016451,3480,1441
1381,699801817392291840,3212,1027
1382,699788877217865730,2358,530
1383,699779630832685056,2919,1328
1384,699775878809702401,2063,647
1385,699691744225525762,10788,4910
1386,699446877801091073,6244,2797
1387,699434518667751424,2280,543
1388,699423671849451520,1445,353
1389,699413908797464576,2174,662
1390,699370870310113280,1978,469
1391,699323444782047232,3325,922
1392,699088579889332224,2354,670
1393,699079609774645248,2578,703
1394,699072405256409088,3160,1266
1395,699060279947165696,3971,1933
1396,699036661657767936,2741,1277
1397,698989035503689728,3551,1053
1398,698953797952008193,2844,968
1399,698907974262222848,2666,664
1400,698710712454139905,2602,728
1401,698703483621523456,1522,406
1402,698635131305795584,1347,364
1403,698549713696649216,2437,661
1404,698355670425473025,1966,484
1405,698342080612007937,2380,1011
1406,698262614669991936,4996,2146
1407,698195409219559425,17607,6373
1408,698178924120031232,2946,790
1409,697995514407682048,1606,358
1410,697990423684476929,3459,1386
1411,697943111201378304,2522,736
1412,697881462549430272,3170,1273
1413,697630435728322560,1840,575
1414,697616773278015490,3331,1084
1415,697596423848730625,3191,1350
1416,697575480820686848,2148,538
1417,697516214579523584,2183,1212
1418,697482927769255936,2547,721
1419,697463031882764288,3586,1475
1420,697270446429966336,4918,1988
1421,697259378236399616,3454,1067
1422,697255105972801536,3174,1239
1423,697242256848379904,2642,710
1424,696900204696625153,3354,1096
1425,696894894812565505,2460,724
1426,696886256886657024,5087,1919
1427,696877980375769088,2561,761
1428,696754882863349760,1550,381
1429,696744641916489729,2171,1006
1430,696713835009417216,2499,690
1431,696518437233913856,4092,1816
1432,696490539101908992,1280,156
1433,696488710901260288,2666,1107
1434,696405997980676096,3384,1217
1435,696100768806522880,2033,713
1436,695816827381944320,3160,1247
1437,695794761660297217,3354,840
1438,695767669421768709,1967,798
1439,695629776980148225,4803,2244
1440,695446424020918272,4591,1940
1441,695409464418041856,9083,3819
1442,695314793360662529,3827,1575
1443,695095422348574720,2784,658
1444,695074328191332352,2990,1182
1445,695064344191721472,1692,641
1446,695051054296211456,2805,840
1447,694925794720792577,2829,976
1448,694905863685980160,2899,1001
1449,694669722378485760,37568,15469
1450,694356675654983680,1584,311
1451,694352839993344000,2144,665
1452,694342028726001664,1656,523
1453,694329668942569472,2111,537
1454,694206574471057408,4404,2171
1455,694183373896572928,3096,995
1456,694001791655137281,3570,1105
1457,693993230313091072,1964,433
1458,693942351086120961,1820,395
1459,693647888581312512,2839,635
1460,693644216740769793,1414,135
1461,693642232151285760,2664,445
1462,693629975228977152,2581,854
1463,693622659251335168,1625,397
1464,693590843962331137,5329,2113
1465,693582294167244802,1725,273
1466,693486665285931008,1872,674
1467,693280720173801472,3539,1325
1468,693267061318012928,2517,876
1469,693262851218264065,2347,535
1470,693231807727280129,3010,786
1471,693155686491000832,8293,3419
1472,693109034023534592,1809,658
1473,693095443459342336,1972,495
1474,692919143163629568,2813,799
1475,692905862751522816,2563,940
1476,692901601640583168,1882,649
1477,692894228850999298,2398,866
1478,692828166163931137,3027,943
1479,692752401762250755,7181,3883
1480,692568918515392513,4565,1646
1481,692535307825213440,3366,1452
1482,692530551048294401,1939,449
1483,692423280028966913,1554,245
1484,692417313023332352,9813,3714
1485,692187005137076224,2654,876
1486,692158366030913536,2263,849
1487,692142790915014657,1725,421
1488,692041934689402880,3575,1362
1489,692017291282812928,3015,1019
1490,691820333922455552,4159,1773
1491,691793053716221953,8534,4494
1492,691756958957883396,3042,1094
1493,691675652215414786,2048,544
1494,691483041324204033,2497,606
1495,691459709405118465,4277,1234
1496,691444869282295808,2791,908
1497,691416866452082688,20344,8187
1498,691321916024623104,2704,707
1499,691096613310316544,3117,952
1500,691090071332753408,1797,359
1501,690989312272396288,6220,3077
1502,690959652130045952,3776,1344
1503,690938899477221376,4353,2133
1504,690932576555528194,3459,1094
1505,690735892932222976,3983,1371
1506,690728923253055490,2288,553
1507,690690673629138944,2450,855
1508,690649993829576704,1375,300
1509,690607260360429569,305,17
1510,690597161306841088,2068,646
1511,690400367696297985,1972,485
1512,690374419777196032,3434,922
1513,690360449368465409,2779,955
1514,690348396616552449,1584,549
1515,690248561355657216,1772,438
1516,690021994562220032,2940,1107
1517,690015576308211712,2651,792
1518,690005060500217858,3859,1806
1519,689999384604450816,1500,400
1520,689993469801164801,1543,488
1521,689977555533848577,1442,478
1522,689905486972461056,2562,742
1523,689877686181715968,3186,1267
1524,689835978131935233,2273,808
1525,689661964914655233,3363,997
1526,689659372465688576,10904,4155
1527,689623661272240129,2351,691
1528,689599056876867584,12236,5922
1529,689557536375177216,2160,493
1530,689517482558820352,3568,1530
1531,689289219123089408,2370,1000
1532,689283819090870273,3457,1184
1533,689280876073582592,2100,770
1534,689275259254616065,1215,263
1535,689255633275777024,2690,1162
1536,689154315265683456,3229,1074
1537,689143371370250240,2130,552
1538,688916208532455424,2872,933
1539,688908934925697024,2227,826
1540,688898160958271489,2216,844
1541,688894073864884227,2350,742
1542,688828561667567616,1459,398
1543,688804835492233216,1009,209
1544,688789766343622656,2337,714
1545,688547210804498433,2748,756
1546,688519176466644993,2435,788
1547,688385280030670848,9772,4773
1548,688211956440801280,2346,895
1549,688179443353796608,2224,629
1550,688116655151435777,2974,839
1551,688064179421470721,1817,386
1552,687841446767013888,5761,2706
1553,687826841265172480,2880,1208
1554,687818504314159109,2633,1015
1555,687807801670897665,2518,753
1556,687732144991551489,1852,700
1557,687704180304273409,2567,896
1558,687664829264453632,2041,548
1559,687494652870668288,2014,614
1560,687480748861947905,1683,261
1561,687476254459715584,2078,572
1562,687460506001633280,2157,584
1563,687399393394311168,1996,675
1564,687317306314240000,21154,9801
1565,687312378585812992,4589,2032
1566,687127927494963200,5756,2456
1567,687124485711986689,2279,543
1568,687109925361856513,6115,2637
1569,687102708889812993,2466,1063
1570,687096057537363968,2363,650
1571,686947101016735744,9064,3406
1572,686760001961103360,3703,1476
1573,686749460672679938,3656,1563
1574,686730991906516992,4376,1286
1575,686683045143953408,2958,860
1576,686618349602762752,3887,1456
1577,686606069955735556,1997,583
1578,686394059078897668,1839,728
1579,686386521809772549,3431,941
1580,686377065986265092,2340,601
1581,686358356425093120,2316,728
1582,686286779679375361,4220,1785
1583,686050296934563840,2327,781
1584,686035780142297088,1214,129
1585,686034024800862208,3285,1247
1586,686007916130873345,2610,450
1587,686003207160610816,1918,678
1588,685973236358713344,2222,563
1589,685943807276412928,1716,644
1590,685906723014619143,7924,3125
1591,685681090388975616,2139,137
1592,685667379192414208,2463,615
1593,685663452032069632,3424,1570
1594,685641971164143616,3087,834
1595,685547936038666240,34709,16821
1596,685532292383666176,3200,1234
1597,685325112850124800,9987,4277
1598,685321586178670592,2784,687
1599,685315239903100929,3526,1157
1600,685307451701334016,2173,472
1601,685268753634967552,3256,1296
1602,685198997565345792,2457,715
1603,685169283572338688,4315,1525
1604,684969860808454144,2490,408
1605,684959798585110529,7177,3362
1606,684940049151070208,3384,1119
1607,684926975086034944,3685,502
1608,684914660081053696,3691,1567
1609,684902183876321280,1979,569
1610,684880619965411328,2209,879
1611,684830982659280897,36905,23181
1612,684800227459624960,2854,1069
1613,684594889858887680,9415,3798
1614,684588130326986752,4334,1504
1615,684567543613382656,3167,1323
1616,684538444857667585,2792,1028
1617,684481074559381504,4072,1253
1618,684460069371654144,2081,595
1619,684241637099323392,8576,3550
1620,684225744407494656,1304,229
1621,684222868335505415,4048,1477
1622,684200372118904832,2276,1108
1623,684195085588783105,2017,559
1624,684188786104872960,3663,1257
1625,684177701129875456,2123,724
1626,684147889187209216,3138,1606
1627,684122891630342144,2097,511
1628,684097758874210310,4327,1545
1629,683857920510050305,4000,1199
1630,683852578183077888,2031,377
1631,683849932751646720,2759,1052
1632,683834909291606017,2763,1192
1633,683828599284170753,2943,1137
1634,683773439333797890,3523,1456
1635,683742671509258241,6846,3570
1636,683515932363329536,7755,3122
1637,683498322573824003,3340,1030
1638,683481228088049664,2776,1067
1639,683462770029932544,2558,716
1640,683449695444799489,4105,1726
1641,683391852557561860,8014,2568
1642,683357973142474752,3088,1005
1643,683142553609318400,3033,1113
1644,683111407806746624,3575,977
1645,683098815881154561,2279,707
1646,683078886620553216,2087,601
1647,683030066213818368,2265,785
1648,682962037429899265,38886,17919
1649,682808988178739200,1866,193
1650,682788441537560576,2601,1199
1651,682750546109968385,1603,468
1652,682697186228989953,1378,386
1653,682662431982772225,3204,1162
1654,682638830361513985,2164,646
1655,682429480204398592,3613,1250
1656,682406705142087680,7985,1890
1657,682393905736888321,2355,733
1658,682389078323662849,1757,503
1659,682303737705140231,3242,1072
1660,682259524040966145,4392,1303
1661,682242692827447297,3425,1271
1662,682088079302213632,19256,10626
1663,682059653698686977,5227,1817
1664,682047327939461121,3381,1036
1665,682032003584274432,6925,2156
1666,682003177596559360,3308,1643
1667,681981167097122816,2929,1105
1668,681891461017812993,2597,887
1669,681694085539872773,13437,4346
1670,681679526984871937,1853,482
1671,681654059175129088,2784,996
1672,681610798867845120,2010,508
1673,681579835668455424,3724,1400
1674,681523177663676416,15056,6243
1675,681340665377193984,1727,299
1676,681339448655802368,9769,4357
1677,681320187870711809,2792,811
1678,681302363064414209,4145,1962
1679,681297372102656000,3364,1028
1680,681281657291280384,3389,1181
1681,681261549936340994,1531,295
1682,681242418453299201,1576,580
1683,681231109724700672,2519,519
1684,681193455364796417,3902,1603
1685,680970795137544192,2553,715
1686,680959110691590145,4791,2139
1687,680940246314430465,3384,1132
1688,680934982542561280,2187,472
1689,680913438424612864,2512,663
1690,680889648562991104,1854,394
1691,680836378243002368,3635,1429
1692,680805554198020098,2274,711
1693,680801747103793152,2489,888
1694,680798457301471234,2998,1120
1695,680609293079592961,2769,768
1696,680583894916304897,3807,1445
1697,680497766108381184,4445,2053
1698,680494726643068929,1800,518
1699,680473011644985345,2675,801
1700,680440374763077632,1525,544
1701,680221482581123072,1523,309
1702,680206703334408192,2984,1260
1703,680191257256136705,2254,540
1704,680176173301628928,4104,1683
1705,680161097740095489,2436,788
1706,680145970311643136,3803,1871
1707,680130881361686529,2404,1018
1708,680115823365742593,2848,972
1709,680100725817409536,3755,1465
1710,680085611152338944,13442,9559
1711,680070545539371008,2704,938
1712,680055455951884288,17546,7620
1713,679877062409191424,2068,691
1714,679872969355714560,2285,713
1715,679862121895714818,2577,668
1716,679854723806179328,3011,1321
1717,679844490799091713,2490,821
1718,679828447187857408,38055,15049
1719,679777920601223168,3229,1196
1720,679736210798047232,2191,851
1721,679729593985699840,2271,880
1722,679722016581222400,1738,501
1723,679530280114372609,4995,2219
1724,679527802031484928,2777,774
1725,679511351870550016,3534,1364
1726,679503373272485890,3309,1588
1727,679475951516934144,2199,686
1728,679462823135686656,33278,20171
1729,679405845277462528,2494,1287
1730,679158373988876288,22519,8680
1731,679148763231985668,2901,1102
1732,679132435750195208,3108,1237
1733,679111216690831360,6234,2734
1734,679062614270468097,17883,8782
1735,679047485189439488,2357,729
1736,679001094530465792,2959,1319
1737,678991772295516161,2440,1257
1738,678969228704284672,1717,495
1739,678800283649069056,2695,963
1740,678798276842360832,3647,1272
1741,678774928607469569,2928,985
1742,678767140346941444,3699,1464
1743,678764513869611008,1712,508
1744,678755239630127104,7475,3534
1745,678740035362037760,3933,1814
1746,678708137298427904,5821,2598
1747,678675843183484930,3009,1582
1748,678643457146150913,2148,454
1749,678446151570427904,4183,1671
1750,678424312106393600,5656,2709
1751,678410210315247616,4430,1949
1752,678399652199309312,82501,33909
1753,678396796259975168,1660,449
1754,678389028614488064,1955,450
1755,678380236862578688,2551,967
1756,678341075375947776,1802,573
1757,678334497360859136,1359,279
1758,678278586130948096,11985,6482
1759,678255464182861824,1652,397
1760,678023323247357953,2009,410
1761,678021115718029313,14375,6784
1762,677961670166224897,3570,1790
1763,677918531514703872,1406,436
1764,677895101218201600,5045,2243
1765,677716515794329600,3183,1030
1766,677700003327029250,3543,1536
1767,677698403548192770,1278,339
1768,677687604918272002,2585,897
1769,677673981332312066,3487,1597
1770,677662372920729601,2032,1040
1771,677644091929329666,1957,847
1772,677573743309385728,2234,769
1773,677565715327688705,1349,484
1774,677557565589463040,2542,1238
1775,677547928504967168,7221,3868
1776,677530072887205888,1119,240
1777,677335745548390400,3166,1905
1778,677334615166730240,1417,314
1779,677331501395156992,1136,251
1780,677328882937298944,3782,1587
1781,677314812125323265,1716,569
1782,677301033169788928,1293,435
1783,677269281705472000,2078,749
1784,677228873407442944,3691,1741
1785,677187300187611136,2844,981
1786,676975532580409345,2890,1136
1787,676957860086095872,2299,857
1788,676949632774234114,1355,422
1789,676948236477857792,2264,924
1790,676946864479084545,1773,400
1791,676942428000112642,2157,807
1792,676936541936185344,13204,5207
1793,676916996760600576,3083,1910
1794,676897532954456065,2345,764
1795,676864501615042560,2188,753
1796,676821958043033607,23965,16570
1797,676819651066732545,1869,704
1798,676811746707918848,1471,448
1799,676776431406465024,5187,2123
1800,676617503762681856,3016,1043
1801,676613908052996102,1135,207
1802,676606785097199616,1956,465
1803,676603393314578432,1215,411
1804,676593408224403456,4751,2283
1805,676590572941893632,947,135
1806,676588346097852417,2427,846
1807,676582956622721024,1255,296
1808,676575501977128964,2694,1187
1809,676533798876651520,1952,593
1810,676496375194980353,1577,567
1811,676470639084101634,12048,4938
1812,676440007570247681,1785,703
1813,676430933382295552,1453,364
1814,676263575653122048,2156,580
1815,676237365392908289,1269,309
1816,676219687039057920,77660,32778
1817,676215927814406144,1801,620
1818,676191832485810177,2367,1083
1819,676146341966438401,1988,705
1820,676121918416756736,2224,1223
1821,676101918813499392,2914,1224
1822,676098748976615425,3120,1519
1823,676089483918516224,1366,452
1824,675898130735476737,1700,604
1825,675891555769696257,2212,920
1826,675888385639251968,2462,1015
1827,675878199931371520,4329,1473
1828,675870721063669760,1701,601
1829,675853064436391936,2784,1368
1830,675849018447167488,979,157
1831,675845657354215424,2367,935
1832,675822767435051008,1581,562
1833,675820929667219457,1088,242
1834,675798442703122432,10607,3572
1835,675781562965868544,1677,499
1836,675740360753160193,1209,365
1837,675710890956750848,1956,868
1838,675707330206547968,2055,734
1839,675706639471788032,668,103
1840,675534494439489536,1879,439
1841,675531475945709568,1221,404
1842,675522403582218240,1074,300
1843,675517828909424640,1351,481
1844,675501075957489664,17693,6116
1845,675497103322386432,3247,1363
1846,675489971617296384,1345,625
1847,675483430902214656,1909,1020
1848,675432746517426176,1575,597
1849,675372240448454658,1750,531
1850,675362609739206656,1081,239
1851,675354435921575936,33853,18047
1852,675349384339542016,4039,2377
1853,675334060156301312,2873,1359
1854,675166823650848770,3723,1693
1855,675153376133427200,6489,2739
1856,675149409102012420,3861,1765
1857,675147105808306176,974,253
1858,675146535592706048,1235,328
1859,675145476954566656,2203,947
1860,675135153782571009,1341,517
1861,675113801096802304,2010,819
1862,675111688094527488,994,265
1863,675109292475830276,2884,1189
1864,675047298674663426,1093,342
1865,675015141583413248,2800,1257
1866,675006312288268288,1012,236
1867,675003128568291329,1600,496
1868,674999807681908736,2316,1151
1869,674805413498527744,886,370
1870,674800520222154752,3091,899
1871,674793399141146624,2573,1143
1872,674790488185167872,1136,263
1873,674788554665512960,836,218
1874,674781762103414784,2061,1261
1875,674774481756377088,1160,496
1876,674767892831932416,1881,830
1877,674764817387900928,805,249
1878,674754018082705410,1401,468
1879,674752233200820224,1502,486
1880,674743008475090944,1444,581
1881,674742531037511680,502,54
1882,674739953134403584,1144,412
1883,674737130913071104,666,96
1884,674690135443775488,1181,487
1885,674670581682434048,1661,684
1886,674664755118911488,948,265
1887,674646392044941312,1483,524
1888,674644256330530816,1060,281
1889,674638615994089473,1730,605
1890,674632714662858753,1543,603
1891,674606911342424069,961,103
1892,674468880899788800,6394,2155
1893,674447403907457024,1090,372
1894,674436901579923456,1143,412
1895,674422304705744896,1473,556
1896,674416750885273600,704,146
1897,674410619106390016,1229,485
1898,674394782723014656,1539,596
1899,674372068062928900,868,323
1900,674330906434379776,576,76
1901,674318007229923329,1451,537
1902,674307341513269249,11621,7254
1903,674291837063053312,15133,6150
1904,674271431610523648,1609,760
1905,674269164442398721,922,236
1906,674265582246694913,1676,886
1907,674262580978937856,1338,474
1908,674255168825880576,1510,582
1909,674082852460433408,776,177
1910,674075285688614912,1004,300
1911,674063288070742018,6525,2314
1912,674053186244734976,3407,1352
1913,674051556661161984,1478,503
1914,674045139690631169,1454,664
1915,674042553264685056,740,134
1916,674038233588723717,1125,426
1917,674036086168010753,864,223
1918,674024893172875264,1827,1279
1919,674019345211760640,1159,312
1920,674014384960745472,1600,674
1921,674008982932058114,1231,368
1922,673956914389192708,1994,1004
1923,673919437611909120,1195,383
1924,673906403526995968,3274,1682
1925,673887867907739649,954,262
1926,673716320723169284,3143,788
1927,673715861853720576,3620,2166
1928,673711475735838725,1057,308
1929,673709992831262724,868,284
1930,673708611235921920,1099,299
1931,673707060090052608,1119,405
1932,673705679337693185,1285,413
1933,673700254269775872,1475,594
1934,673697980713705472,3882,2038
1935,673689733134946305,1780,676
1936,673688752737402881,1292,515
1937,673686845050527744,1478,454
1938,673680198160809984,1402,484
1939,673662677122719744,1278,373
1940,673656262056419329,732,253
1941,673636718965334016,1137,375
1942,673612854080196609,1620,748
1943,673583129559498752,1219,381
1944,673580926094458881,851,276
1945,673576835670777856,1412,582
1946,673363615379013632,1045,317
1947,673359818736984064,1483,695
1948,673355879178194945,1523,605
1949,673352124999274496,1687,556
1950,673350198937153538,756,221
1951,673345638550134785,2583,1325
1952,673343217010679808,992,280
1953,673342308415348736,1301,610
1954,673320132811366400,13760,8247
1955,673317986296586240,887,270
1956,673295268553605120,7683,3280
1957,673270968295534593,1084,383
1958,673240798075449344,1451,756
1959,673213039743795200,2299,877
1960,673148804208660480,1731,650
1961,672997845381865473,2006,746
1962,672995267319328768,975,307
1963,672988786805112832,999,303
1964,672984142909456390,1278,562
1965,672980819271634944,1848,1036
1966,672975131468300288,1722,948
1967,672970152493887488,966,367
1968,672968025906282496,1337,563
1969,672964561327235073,1450,661
1970,672902681409806336,1393,521
1971,672898206762672129,913,434
1972,672884426393653248,1583,856
1973,672877615439593473,1054,381
1974,672834301050937345,1336,589
1975,672828477930868736,1274,506
1976,672640509974827008,990,332
1977,672622327801233409,1321,513
1978,672614745925664768,1246,602
1979,672609152938721280,1136,400
1980,672604026190569472,1134,413
1981,672594978741354496,1352,624
1982,672591762242805761,969,345
1983,672591271085670400,746,190
1984,672538107540070400,1050,380
1985,672523490734551040,656,178
1986,672488522314567680,1138,450
1987,672482722825261057,1157,625
1988,672481316919734272,729,128
1989,672475084225949696,1463,720
1990,672466075045466113,1379,556
1991,672272411274932228,6579,3500
1992,672267570918129665,1531,634
1993,672264251789176834,1170,349
1994,672256522047614977,2875,1604
1995,672254177670729728,1462,765
1996,672248013293752320,1755,628
1997,672245253877968896,702,162
1998,672239279297454080,912,330
1999,672231046314901505,1870,1043
2000,672222792075620352,801,217
2001,672205392827572224,2308,1190
2002,672169685991993344,1041,381
2003,672160042234327040,886,369
2004,672139350159835138,1781,740
2005,672125275208069120,2455,1178
2006,672095186491711488,1017,377
2007,672082170312290304,960,377
2008,672068090318987265,1322,530
2009,671896809300709376,8620,4287
2010,671891728106971137,1355,585
2011,671882082306625538,3535,1418
2012,671879137494245376,1449,706
2013,671874878652489728,1271,576
2014,671866342182637568,1145,516
2015,671855973984772097,925,465
2016,671789708968640512,7182,3595
2017,671768281401958400,1216,540
2018,671763349865160704,1714,952
2019,671744970634719232,1373,795
2020,671743150407421952,754,238
2021,671735591348891648,1478,778
2022,671729906628341761,8660,4491
2023,671561002136281088,13072,7455
2024,671550332464455680,934,213
2025,671547767500775424,1376,613
2026,671544874165002241,2024,1081
2027,671542985629241344,1112,583
2028,671538301157904385,941,406
2029,671536543010570240,1203,420
2030,671533943490011136,1041,595
2031,671528761649688577,852,265
2032,671520732782923777,1422,540
2033,671518598289059840,967,301
2034,671511350426865664,1640,747
2035,671504605491109889,7170,3650
2036,671497587707535361,933,459
2037,671488513339211776,1031,482
2038,671486386088865792,589,212
2039,671485057807351808,775,238
2040,671390180817915904,1448,753
2041,671362598324076544,1133,301
2042,671357843010908160,406,151
2043,671355857343524864,488,116
2044,671347597085433856,982,441
2045,671186162933985280,750,218
2046,671182547775299584,1148,356
2047,671166507850801152,892,361
2048,671163268581498880,1693,1139
2049,671159727754231808,383,84
2050,671154572044468225,738,225
2051,671151324042559489,686,159
2052,671147085991960577,690,234
2053,671141549288370177,1191,672
2054,671138694582165504,949,417
2055,671134062904504320,765,199
2056,671122204919246848,3568,2598
2057,671115716440031232,1384,795
2058,671109016219725825,1169,453
2059,670995969505435648,1126,301
2060,670842764863651840,25031,9013
2061,670840546554966016,607,200
2062,670838202509447168,1139,717
2063,670833812859932673,458,128
2064,670832455012716544,749,225
2065,670826280409919488,5663,4184
2066,670823764196741120,793,198
2067,670822709593571328,625,99
2068,670815497391357952,3238,1586
2069,670811965569282048,1155,277
2070,670807719151067136,1173,504
2071,670804601705242624,2008,985
2072,670803562457407488,348,89
2073,670797304698376195,748,244
2074,670792680469889025,850,285
2075,670789397210615808,676,247
2076,670786190031921152,611,207
2077,670783437142401025,833,406
2078,670782429121134593,1598,797
2079,670780561024270336,796,297
2080,670778058496974848,333,74
2081,670764103623966721,1095,436
2082,670755717859713024,452,114
2083,670733412878163972,980,526
2084,670727704916926465,844,371
2085,670717338665226240,1237,510
2086,670704688707301377,779,383
2087,670691627984359425,601,250
2088,670679630144274432,761,292
2089,670676092097810432,255,44
2090,670668383499735048,10923,5205
2091,670474236058800128,1565,786
2092,670468609693655041,359,87
2093,670465786746662913,985,568
2094,670452855871037440,559,213
2095,670449342516494336,1218,692
2096,670444955656130560,6844,2039
2097,670442337873600512,655,203
2098,670435821946826752,1075,532
2099,670434127938719744,1431,665
2100,670433248821026816,334,117
2101,670428280563085312,1412,651
2102,670427002554466305,526,169
2103,670421925039075328,1338,655
2104,670420569653809152,637,327
2105,670417414769758208,578,328
2106,670411370698022913,2067,927
2107,670408998013820928,567,231
2108,670403879788544000,442,162
2109,670385711116361728,572,219
2110,670374371102445568,757,277
2111,670361874861563904,336,69
2112,670338931251150849,434,114
2113,670319130621435904,3935,1262
2114,670303360680108032,434,139
2115,670290420111441920,722,296
2116,670093938074779648,1048,347
2117,670086499208155136,710,262
2118,670079681849372674,2260,1280
2119,670073503555706880,1599,815
2120,670069087419133954,644,251
2121,670061506722140161,779,353
2122,670055038660800512,683,340
2123,670046952931721218,657,181
2124,670040295598354432,768,115
2125,670037189829525505,598,287
2126,670003130994700288,342,96
2127,669993076832759809,330,87
2128,669972011175813120,455,168
2129,669970042633789440,309,62
2130,669942763794931712,518,172
2131,669926384437997569,385,108
2132,669923323644657664,242,59
2133,669753178989142016,828,414
2134,669749430875258880,275,67
2135,669684865554620416,532,91
2136,669683899023405056,395,114
2137,669682095984410625,358,136
2138,669680153564442624,679,299
2139,669661792646373376,821,454
2140,669625907762618368,3597,1863
2141,669603084620980224,959,374
2142,669597912108789760,520,155
2143,669583744538451968,1515,954
2144,669573570759163904,443,146
2145,669571471778410496,1616,1049
2146,669567591774625800,239,58
2147,669564461267722241,393,128
2148,669393256313184256,375,79
2149,669375718304980992,1364,753
2150,669371483794317312,503,186
2151,669367896104181761,472,163
2152,669363888236994561,636,237
2153,669359674819481600,374,127
2154,669354382627049472,2762,1306
2155,669353438988365824,659,266
2156,669351434509529089,450,193
2157,669328503091937280,1030,430
2158,669327207240699904,584,119
2159,669324657376567296,503,214
2160,669216679721873412,1207,414
2161,669214165781868544,447,175
2162,669203728096960512,1021,492
2163,669037058363662336,674,322
2164,669015743032369152,755,384
2165,669006782128353280,588,258
2166,669000397445533696,21248,6561
2167,668994913074286592,450,240
2168,668992363537309700,754,356
2169,668989615043424256,695,338
2170,668988183816871936,914,488
2171,668986018524233728,564,173
2172,668981893510119424,548,317
2173,668979806671884288,806,356
2174,668975677807423489,1328,600
2175,668967877119254528,149,25
2176,668960084974809088,720,245
2177,668955713004314625,286,74
2178,668932921458302977,272,59
2179,668902994700836864,324,103
2180,668892474547511297,401,155
2181,668872652652679168,540,308
2182,668852170888998912,460,171
2183,668826086256599040,443,141
2184,668815180734689280,581,278
2185,668779399630725120,714,382
2186,668655139528511488,541,223
2187,668645506898350081,912,554
2188,668643542311546881,899,543
2189,668641109086707712,1098,554
2190,668636665813057536,1062,502
2191,668633411083464705,2873,1697
2192,668631377374486528,734,326
2193,668627278264475648,324,118
2194,668625577880875008,394,138
2195,668623201287675904,1466,798
2196,668620235289837568,207,44
2197,668614819948453888,621,322
2198,668587383441514497,1700,1111
2199,668567822092664832,250,57
2200,668544745690562560,532,233
2201,668542336805281792,469,222
2202,668537837512433665,257,77
2203,668528771708952576,471,232
2204,668507509523615744,331,111
2205,668496999348633600,420,135
2206,668484198282485761,434,241
2207,668480044826800133,470,152
2208,668466899341221888,900,527
2209,668297328638447616,632,306
2210,668291999406125056,248,32
2211,668286279830867968,517,142
2212,668274247790391296,840,235
2213,668268907921326080,563,243
2214,668256321989451776,1327,636
2215,668248472370458624,1013,501
2216,668237644992782336,6317,2918
2217,668226093875376128,304,106
2218,668221241640230912,517,203
2219,668204964695683073,559,200
2220,668190681446379520,663,200
2221,668171859951755264,501,201
2222,668154635664932864,504,325
2223,668142349051129856,576,294
2224,668113020489474048,675,250
2225,667937095915278337,1288,815
2226,667924896115245057,307,113
2227,667915453470232577,215,58
2228,667911425562669056,497,311
2229,667902449697558528,859,385
2230,667886921285246976,1914,1117
2231,667885044254572545,832,499
2232,667878741721415682,397,122
2233,667873844930215936,638,417
2234,667866724293877760,3040,1057
2235,667861340749471744,245,78
2236,667832474953625600,292,63
2237,667806454573760512,1070,508
2238,667801013445750784,333,97
2239,667793409583771648,708,336
2240,667782464991965184,415,249
2241,667773195014021121,239,58
2242,667766675769573376,446,222
2243,667728196545200128,380,152
2244,667724302356258817,489,326
2245,667550904950915073,0,35
2246,667550882905632768,0,33
2247,667549055577362432,5864,2328
2248,667546741521195010,337,127
2249,667544320556335104,878,533
2250,667538891197542400,208,66
2251,667534815156183040,827,551
2252,667530908589760512,475,245
2253,667524857454854144,1720,1131
2254,667517642048163840,371,195
2255,667509364010450944,6854,2166
2256,667502640335572993,538,222
2257,667495797102141441,527,276
2258,667491009379606528,536,232
2259,667470559035432960,259,100
2260,667455448082227200,194,60
2261,667453023279554560,315,91
2262,667443425659232256,790,590
2263,667437278097252352,453,242
2264,667435689202614272,307,84
2265,667405339315146752,472,221
2266,667393430834667520,198,58
2267,667369227918143488,369,167
2268,667211855547486208,498,245
2269,667200525029539841,621,263
2270,667192066997374976,391,109
2271,667188689915760640,746,422
2272,667182792070062081,14425,6291
2273,667177989038297088,192,55
2274,667176164155375616,613,466
2275,667174963120574464,246,84
2276,667171260800061440,222,91
2277,667165590075940865,2711,1154
2278,667160273090932737,259,62
2279,667152164079423490,48119,17345
2280,667138269671505920,4633,2238
2281,667119796878725120,331,128
2282,667090893657276420,336,129
2283,667073648344346624,405,124
2284,667070482143944705,84,14
2285,667065535570550784,168,48
2286,667062181243039745,220,55
2287,667044094246576128,186,51
2288,667012601033924608,451,225
2289,666996132027977728,247,94
2290,666983947667116034,2560,991
2291,666837028449972224,823,559
2292,666835007768551424,217,80
2293,666826780179869698,255,97
2294,666817836334096384,521,252
2295,666804364988780544,242,94
2296,666786068205871104,764,488
2297,666781792255496192,388,198
2298,666776908487630848,351,175
2299,666739327293083650,238,66
2300,666701168228331520,431,219
2301,666691418707132416,189,47
2302,666649482315059201,1121,627
2303,666644823164719104,233,82
2304,666454714377183233,517,208
2305,666447344410484738,105,20
2306,666437273139982337,125,48
2307,666435652385423360,165,53
2308,666430724426358785,315,196
2309,666428276349472768,165,83
2310,666421158376562688,316,111
2311,666418789513326592,124,45
2312,666411507551481857,439,323
2313,666407126856765440,107,40
2314,666396247373291520,166,84
2315,666373753744588802,186,92
2316,666362758909284353,770,564
2317,666353288456101888,217,71
2318,666345417576210432,288,133
2319,666337882303524864,195,90
2320,666293911632134144,494,352
2321,666287406224695296,146,64
2322,666273097616637952,173,76
2323,666268910803644416,102,35
2324,666104133288665088,14136,6470
2325,666102155909144576,80,12
2326,666099513787052032,153,67
2327,666094000022159362,163,72
2328,666082916733198337,116,44
2329,666073100786774016,318,162
2330,666071193221509120,145,59
2331,666063827256086533,470,214
2332,666058600524156928,110,57
2333,666057090499244032,291,140
2334,666055525042405380,430,242
2335,666051853826850816,1208,841
2336,666050758794694657,132,59
2337,666049248165822465,108,41
2338,666044226329800704,296,139
2339,666033412701032449,124,43
2340,666029285002620928,128,47
2341,666020888022790149,2536,507
